    53     31     0.00000000000000000000E+00
    54     31     0.00000000000000000000E+00
    55     31     0.00000000000000000000E+00
    56     31    2.97160924659387845618E-290
    57     31    1.51055317874543917139E-269
    58     31    3.79691071654761294672E-243
    59     31    6.83135985012356100054E-201
    60     31    1.76378038679737719572E-182
    61     31    1.96691008464824789928E-152
    62     31    1.69093950570772234905E-152
    63     31    7.08705683293247613234E-135
    64     31    2.37108066225663928122E-122
    65     31     8.90777090993870268198E-95
    66     31     3.46194279250246880199E-95
    67     31     1.45457675210080971459E-78
    68     31     4.04214580208334264615E-76
    69     31     5.89007571278858607827E-55
    70     31     2.83998462616669975163E-55
    71     31     6.36142804399415569381E-47
    72     31     9.39579047846521261715E-47
    73     31     1.22396654818800590305E-40
    74     31     2.87244385015784480905E-36
    75     31     4.51967520118233181739E-32
    76     31     7.16996217377944511443E-29
    77     31     1.80465735973587781999E-25
    78     31     1.75477691099771807707E-22
    79     31     4.59183036476055220385E-20
    80     31     1.59594714028464517652E-19
    81     31     1.99410491364168346470E-14
    82     31     2.07271933675093279355E-15
    83     31     4.89194107018234609552E-13
    84     31     6.51535640163338960114E-14
    85     31     3.45095208678048222076E-11
    86     31     8.66702742563957035944E-12
    87     31     3.87868274663437573128E-10
    88     31     6.70725430516926831750E-12
    89     31     1.11855803607996385047E-09
    90     31     1.48641637737370613118E-11
    91     31     9.14855265122302875080E-10
    92     31     4.60064709049371176256E-11
    93     31     4.34159957590371410188E-09
    94     31     8.30817852158730099011E-11
    95     31     8.37738854785175912488E-09
    96     31     7.72751300941615481160E-20
    97     31     3.04053658981321730627E-18
    98     31     1.66015349559324426199E-27
    99     31     7.43728040876636139148E-26
   100     31     1.48791851770223875599E-33
   101     31     7.13063842046665660903E-33
   102     31     2.52671601112534902237E-39
   103     31     4.84215704976590233325E-35
   104     31     4.29316537915306649572E-58
   105     31     2.54508477031309457832E-61
   106     31     1.18908259452089363544E-78
   107     31    1.07258781448877979439E-182
   108     31    9.23401456764329401680E-305

